H10sym=   0
