H11sym=   0
