H12sym=   0
